021911.76-042828.5 34.799023 -4.474601 2.1789 0.0019 23.0362 22.6674 22.5343 22.5211 22.1562
021940.61-045100.4 34.919210 -4.850136 2.1571 0.0016 22.9646 22.6108 22.6752 22.6934 23.2014
021946.96-041737.9 34.945667 -4.293881 2.2808 0.0006 23.9218 22.8423 23.0735 22.8397 22.4415
022139.48-045004.2 35.414538 -4.834521 2.4445 0.0007 23.0158 22.5043 22.7049 22.6464 22.7332
022151.92-044140.3 35.466340 -4.694547 2.7768 0.0005 23.4678 22.7718 22.6606 22.9228 23.0381
022247.82-042728.0 35.699267 -4.457781 2.3541 0.0008 23.7032 22.8353 23.2229 23.0297 23.055
022335.06-043422.8 35.896085 -4.573013 2.1946 0.0005 23.5274 22.9693 22.8456 22.8283 22.2503
022438.09-040530.6 36.158729 -4.091836 2.2846 0.0004 23.3032 22.9894 23.4405 22.8891 22.5415
022452.04-060104.7 36.216844 -6.017991 2.9150 0.0007 24.1719 22.5561 22.3775 22.5227 22.2811
022550.38-043324.5 36.459929 -4.556828 2.7423 0.0016 23.3608 22.9524 22.815 22.9711 22.8026
022607.30-060339.4 36.530456 -6.060946 2.6993 0.0008 22.9857 22.6497 22.4968 22.5572 22.2453
022635.51-053347.4 36.647989 -5.563170 2.4534 0.0013 24.0032 22.8367 22.762 22.9389 22.371
022640.78-041636.4 36.669923 -4.276802 2.0874 0.0008 22.9715 22.5892 22.5482 22.76 22.1684
022723.73-045808.4 36.848885 -4.969001 2.6000 0.0013 23.6407 23.0802 23.293 22.887 21.8683
022724.39-061115.8 36.851630 -6.187747 2.3623 0.0004 23.2502 22.3878 22.4484 22.5088 21.9307
022741.82-064143.2 36.924274 -6.695356 3.0308 0.0004 26.0617 22.779 22.5612 22.775 23.0256
022923.93-034357.3 37.349727 -3.732588 2.1555 0.0024 23.4431 22.8713 22.9037 22.6851 22.5284
022930.83-033638.3 37.378466 -3.610664 1.9986 0.0008 23.2111 22.8818 23.1306 22.8428 23.1253
022938.99-035525.6 37.412487 -3.923790 2.3498 0.0011 23.3441 22.9109 22.7342 22.825 22.6324
023013.20-063311.2 37.555001 -6.553127 2.3433 0.0004 23.7908 22.9098 23.2982 22.9162 22.6474
023021.06-044058.5 37.587761 -4.682925 3.0602 0.0006 24.7552 22.697 22.939 23.0759 23.8448
023025.82-042354.5 37.607601 -4.398487 0.5998 1.0872 23.5175 23.1191 23.2326 22.8726 22.756
023046.82-045801.1 37.695104 -4.966998 3.0041 0.0003 24.4457 22.6315 22.5594 23.0435 22.4284
023132.08-050723.2 37.883671 -5.123133 2.7838 0.0005 24.6918 23.0068 23.0744 23.0538 22.6558
023136.94-072142.1 37.903947 -7.361697 2.6587 0.0004 23.5868 22.7974 22.7285 23.0653 24.3921
023151.14-061105.7 37.963087 -6.184943 2.5607 0.0007 23.2305 22.815 22.5941 22.8054 22.2491
023218.78-035737.4 38.078254 -3.960410 2.1108 0.0011 23.7962 22.8887 22.7774 23.0402 22.4322
023230.12-073058.3 38.125519 -7.516202 2.2732 0.0009 23.5446 23.1349 22.8989 23.1759 23.0173
023244.86-035442.5 38.186950 -3.911823 0.9087 0.0002 23.6272 22.827 22.7722 22.6517 22.5869
023311.89-083350.9 38.299572 -8.564163 2.3578 0.0004 23.0349 22.6888 22.7805 22.6316 22.367
023348.92-070531.5 38.453871 -7.092110 2.2716 0.0007 24.011 23.0365 23.3204 23.0237 22.5892
023411.83-072244.3 38.549327 -7.378994 3.0538 0.0006 24.829 23.043 22.9211 22.8329 22.9766
023436.66-061937.7 38.652763 -6.327140 2.5329 0.0006 23.5947 22.5979 22.6108 22.8064 22.515
023455.22-075453.2 38.730122 -7.914803 2.3434 0.0006 23.5919 22.9018 22.7248 22.9013 22.2472
023456.12-055153.1 38.733870 -5.864774 2.6365 0.0009 22.9782 22.4886 22.3716 22.7744 22.4432
023518.98-090317.0 38.829105 -9.054727 3.0227 0.0011 23.5654 22.8139 22.5421 22.7734 22.2208
023557.07-035339.8 38.987818 -3.894392 2.7329 0.0005 23.3634 22.7047 22.6668 22.8951 22.8099
084857.73-012153.0 132.240552 -1.364744 2.4635 0.0012 23.4645 22.9193 22.9243 22.9132 22.7685
085209.32-010048.8 133.038847 -1.013567 2.4189 0.0015 23.9728 23.3291 23.1738 23.0437 22.8025
085609.30-012609.1 134.038782 -1.435865 2.4487 0.0015 23.6707 22.7996 22.67 22.7182 22.4134
085917.46-011026.0 134.822791 -1.173893 2.3927 0.0004 23.0351 22.6073 23.0219 22.727 22.1261
090204.55-005420.7 135.518962 -0.905762 2.2943 0.0003 23.3746 23.077 22.898 22.7094 22.4043
090359.57-015531.6 135.998211 -1.925455 2.1704 0.0006 23.2473 22.918 23.0951 22.8935 22.1382
090403.78-011026.0 136.015784 -1.173895 1.6071 0.0006 23.1734 22.7424 22.8249 22.7198 22.6989
090504.49-020245.0 136.268744 -2.045856 2.2347 0.0008 23.0049 22.5781 22.7169 22.5087 22.2603
090650.05-021647.7 136.708547 -2.279931 2.3786 0.0006 23.145 22.587 22.5887 22.7755 22.8334
090708.28-010618.3 136.784532 -1.105101 2.2447 0.0012 24.4594 23.0508 22.8487 22.5454 22.3538
090730.82-010716.7 136.878456 -1.121307 2.6016 0.0006 24.9589 23.0898 23.2173 23.1077 22.5373
214805.98+011039.8 327.024938 1.177740 2.9115 0.0006 23.7955 23.2011 22.994 23.0714 23.0835
214847.35-003211.7 327.197309 -0.536595 2.2216 0.0006 22.903 22.7035 22.6688 22.533 22.1166
214909.04+010605.7 327.287689 1.101604 2.1073 0.0010 22.9401 22.9531 22.9409 22.7759 22.333
214926.13+002546.0 327.358901 0.429467 3.0668 0.0004 24.2764 22.9908 22.94 22.8317 22.8789
214931.76+035745.2 327.382368 3.962582 1.1691 0.0012 23.5131 23.1268 23.012 23.0261 22.3509
214939.45+011353.8 327.414403 1.231635 2.7558 0.0004 23.7247 23.2517 22.948 22.9329 22.2459
214941.26-005234.3 327.421944 -0.876215 2.3926 0.0010 23.5587 23.3114 22.9966 23.1939 24.0653
214948.77+031459.9 327.453234 3.249983 2.3938 0.0008 24.1055 23.123 23.0301 23.1644 22.2377
215006.38-003730.0 327.526623 -0.625016 2.7532 0.0005 23.5276 23.2296 22.9786 22.884 23.6562
215008.80+001826.7 327.536685 0.307441 2.1750 0.0009 23.8768 23.1356 22.9511 23.0148 22.4669
215012.88+034136.3 327.553686 3.693426 2.0772 0.0022 23.7729 23.2258 23.1185 22.9688 22.7635
215013.15-005213.1 327.554812 -0.870313 2.4513 0.0006 24.7946 22.8798 22.6924 23.0569 22.1298
215015.21-003228.9 327.563409 -0.541369 2.1244 0.0010 23.7645 23.2224 23.108 23.201 22.3546
215015.55-000112.0 327.564822 -0.020013 3.1560 0.0007 24.6578 23.5122 23.1365 22.5108 22.2158
215033.30-004325.4 327.638762 -0.723730 2.1000 0.0006 23.543 23.2354 22.9743 22.8868 22.9531
215035.59-000134.7 327.648302 -0.026324 2.5312 0.0014 23.5732 23.1017 22.7842 22.907 22.5701
215048.85-003838.5 327.703542 -0.644047 0.8588 0.0002 23.9701 23.3978 23.1076 22.6315 22.3741
215053.93+011449.5 327.724733 1.247086 2.5313 0.0003 23.0408 23.0451 22.8365 23.1535 23.1248
215106.99+005344.9 327.779154 0.895819 2.1762 0.0009 23.5296 22.8208 22.7994 22.6559 22.606
215109.68+024053.9 327.790368 2.681657 2.5402 0.0005 23.2228 22.7389 22.702 22.7858 22.9324
215118.03-010406.0 327.825140 -1.068340 2.9166 0.0005 24.7993 23.4245 23.0855 22.7376 22.6107
215228.57+044805.3 328.119052 4.801486 2.3759 0.0004 23.3906 22.8477 22.9056 22.6368 22.3016
215241.35+000053.4 328.172326 0.014836 3.3041 0.0002 26.6189 22.8944 22.6241 22.5373 22.1527
215301.06-000831.6 328.254428 -0.142133 0.7515 0.0003 23.5761 22.9033 22.8598 22.6992 22.699
215317.79+002542.8 328.324149 0.428557 2.2105 0.0005 23.6603 23.4128 23.4979 23.3034 22.8355
215321.34+002811.6 328.338951 0.469915 2.2111 0.0009 23.8408 23.3221 23.0589 22.9743 22.6655
215324.20+001245.7 328.350871 0.212720 2.4089 0.0009 23.8479 23.2361 22.9465 22.8246 22.978
215327.94+031659.1 328.366432 3.283106 2.2107 0.0007 23.6812 23.1212 23.0891 22.9762 23.0132
215343.20-001827.5 328.430002 -0.307654 2.8351 0.0029 25.8826 23.546 22.938 22.9885 22.853
215408.64+025130.5 328.536009 2.858477 2.0683 0.0011 23.9321 23.2197 23.1226 23.1622 22.3739
215414.53-002016.2 328.560563 -0.337853 2.4124 0.0002 23.293 22.5427 22.6666 22.5295 22.3426
215458.52-001611.2 328.743856 -0.269787 2.8512 0.0007 24.5797 23.2924 22.9463 22.8308 23.3549
215510.28+004209.6 328.792847 0.702681 3.1171 0.0008 24.5852 23.2788 22.8253 22.5985 22.0855
215514.62-005435.4 328.810945 -0.909841 2.4935 0.0006 24.5442 23.4299 23.4973 22.99 22.7787
215528.05+005126.1 328.866876 0.857257 0.8169 0.0004 23.5053 23.139 22.9871 22.7749 22.1856
215531.08+001358.8 328.879514 0.233027 2.6813 0.0005 23.1148 22.7773 22.7601 22.5065 22.6976
215534.98+034015.5 328.895778 3.670982 2.3524 0.0009 23.1686 22.7676 22.8769 22.7204 22.6681
215536.25+002450.3 328.901043 0.413973 2.3684 0.0007 23.7416 22.9848 22.8243 23.2275 24.8467
215536.28+035323.9 328.901200 3.889999 2.5611 0.0004 23.8186 23.0795 22.9233 23.0362 21.7423
215600.58+003355.6 329.002450 0.565451 2.3471 0.0006 23.8258 23.2149 23.2663 23.0441 22.3503
215603.25+001313.5 329.013561 0.220421 3.0190 0.0004 23.8983 22.7969 22.6116 22.7167 23.4687
215606.25+034209.7 329.026073 3.702704 2.4285 0.0004 23.3632 22.5622 22.4592 22.5264 22.3464
215619.05+002045.6 329.079403 0.346020 2.2028 0.0007 23.2463 22.933 22.8585 22.7655 22.3847
215621.02-003133.6 329.087596 -0.526024 2.2039 0.0006 23.8045 23.2011 23.3153 22.8889 22.758
215639.67-010054.3 329.165295 -1.015109 0.9232 0.0001 23.5643 23.2287 23.0752 22.6879 22.6975
215647.73-004642.0 329.198889 -0.778359 2.9909 0.0005 24.2208 23.087 22.9246 22.6487 22.4937
215700.18+000412.0 329.250751 0.070006 3.1356 0.0010 23.9449 23.3288 22.9949 22.8223 22.657
215729.70+003814.5 329.373759 0.637381 2.7162 0.0005 23.8717 23.0113 22.9155 23.0136 23.1962
215729.90+044506.1 329.374603 4.751713 2.2708 0.0005 23.6843 23.218 23.2606 23.1461 22.9728
215738.48+043346.7 329.410356 4.562978 2.1216 0.0006 22.95 22.5889 22.7257 22.5319 22.5706
215753.48-003929.9 329.472873 -0.658309 1.5523 0.0008 22.884 22.6303 22.8027 23.1763 22.8851
215812.03+030619.1 329.550143 3.105323 2.2178 0.0006 23.235 22.5057 22.556 22.5965 22.3688
215850.58+025311.4 329.710764 2.886524 2.6368 0.0010 23.5563 23.0795 23.0315 22.9257 22.6466
215905.20+003814.3 329.771677 0.637328 2.2387 0.0008 23.581 22.844 22.7956 22.7093 22.6014
215920.65+034459.2 329.836043 3.749798 2.3631 0.0005 23.4755 22.8831 22.7832 22.5568 22.1377
215928.67-002617.5 329.869495 -0.438208 3.1095 0.0008 26.9198 23.6368 22.8566 22.8723 23.1384
215938.17+000827.6 329.909073 0.141005 2.1214 0.0016 23.727 23.2149 22.9214 22.823 22.5562
215947.38+002012.8 329.947437 0.336916 2.0806 0.0017 23.4529 23.136 23.3008 22.8481 22.5256
215952.65+031322.2 329.969382 3.222847 2.6437 0.0005 23.9702 22.5735 22.4757 22.5848 22.7655
220001.52-005739.7 330.006344 -0.961046 2.5861 0.0005 23.6323 23.1282 23.2692 23.5974 23.6599
220025.72+003836.3 330.107178 0.643442 2.3831 0.0011 23.1266 22.7327 22.7688 22.6437 22.3224
220103.24-000244.7 330.263508 -0.045760 2.4196 0.0010 23.549 22.8869 22.8664 22.9886 22.6055
220119.71-002248.4 330.332132 -0.380124 2.3881 0.0007 23.5366 22.8953 22.7151 22.6746 22.1224
220127.89-005358.4 330.366249 -0.899568 1.0356 0.0011 24.0404 23.4629 22.7814 22.6763 22.6405
220134.76+003127.0 330.394857 0.524177 2.8328 0.0012 24.3904 22.9733 22.5475 22.5563 22.2035
220141.29+005819.2 330.422052 0.972008 3.0063 0.0003 23.0632 22.6866 22.7329 22.6662 22.3696
220144.53+035533.0 330.435560 3.925834 2.2265 0.0005 23.8553 23.1219 23.2008 22.8977 22.7973
220146.65+002400.6 330.444395 0.400189 2.5725 0.0010 23.4736 22.9049 22.7734 22.6829 22.0468
220152.05+000927.6 330.466908 0.157677 2.1522 0.0009 23.1002 22.7569 22.875 22.6152 21.9155
220158.89-002353.9 330.495398 -0.398328 2.5722 0.0006 23.5385 22.8848 22.6974 22.6255 22.2365
220216.08-002020.4 330.567039 -0.339004 2.9749 0.0006 24.0814 23.0386 22.877 22.6595 22.1879
220216.40-010838.0 330.568336 -1.143890 2.2262 0.0010 23.9772 23.1206 22.9101 22.6893 22.2007
220220.32+044135.5 330.584690 4.693209 2.5432 0.0006 23.2019 22.7403 22.622 22.5699 22.1767
220221.21-001220.5 330.588400 -0.205695 2.2572 0.0004 23.7936 23.1752 23.1329 23.0234 22.3185
220237.95-010217.9 330.658145 -1.038318 4.1024 0.0014 24.6164 23.8619 22.7877 22.5545 22.4668
220255.90+003450.3 330.732940 0.580649 2.2841 0.0005 23.7331 22.9638 23.0196 23.0094 22.6168
220256.52+012156.5 330.735508 1.365712 2.5931 0.0005 23.8332 23.1584 23.0318 23.3233 22.9349
220310.12+040933.0 330.792206 4.159185 2.5042 0.0003 24.0333 22.5282 22.53 22.5717 22.4003
220315.22+035700.4 330.813444 3.950123 2.0775 0.0004 23.1429 22.8193 22.8328 22.5678 21.9786
220321.19-005816.4 330.838331 -0.971228 2.4894 0.0009 23.5331 23.1781 22.8608 22.8322 22.4788
220328.30-005149.1 330.867922 -0.863640 2.4258 0.0009 24.2623 22.7238 22.7217 22.5963 22.5431
220336.39+033243.1 330.901627 3.545306 2.5769 0.0007 23.2997 22.5999 22.5585 22.549 22.4586
220347.43+010316.6 330.947655 1.054626 2.3449 0.0010 23.7419 23.1685 22.8034 22.8619 22.2138
220354.56+000721.6 330.977358 0.122690 2.2241 0.0008 23.2775 22.8593 22.7914 22.768 22.3106
220425.33+005818.9 331.105565 0.971933 2.8993 0.0028 23.744 23.2634 22.9932 23.1399 22.965
220434.10-003751.7 331.142125 -0.631030 3.9456 0.0006 23.234 22.7004 22.4634 22.5078 22.1356
220500.83-011118.9 331.253489 -1.188589 2.5367 0.0005 24.0535 23.0159 22.9801 22.8751 22.8232
220504.97-001400.5 331.270738 -0.233498 3.3383 0.0008 24.5109 22.9368 22.6148 22.6614 23.3633
220505.39+044552.9 331.272483 4.764708 2.8913 0.0006 23.9553 23.1499 23.2246 23.0135 22.8032
220516.42-003346.4 331.318442 -0.562901 1.9504 0.0006 22.6991 22.614 22.918 22.5531 23.2084
220521.57+001808.9 331.339897 0.302490 2.8836 0.0006 23.7988 22.9822 22.6342 22.6569 22.3832
220538.04-000327.3 331.408505 -0.057602 2.6812 0.0017 23.4654 22.9156 22.7593 22.8765 23.1746
220558.75+000611.3 331.494808 0.103141 2.6851 0.0009 22.9475 22.6924 22.5996 22.7504 23.1748
220617.70-000436.2 331.573767 -0.076748 2.4553 0.0014 23.4224 22.9825 22.7553 22.7972 22.3043
220640.77+040941.7 331.669891 4.161594 2.4107 0.0007 23.4766 22.8706 22.8078 22.7867 22.8004
220641.59-003214.2 331.673293 -0.537284 2.6746 0.0008 24.2896 23.4016 23.399 22.8351 22.9413
220659.80-005815.3 331.749185 -0.970928 2.4723 0.0009 24.001 23.4155 22.9364 23.2675 23.9318
220704.00+042350.5 331.766694 4.397388 2.7850 0.0003 23.6855 22.6328 22.5123 22.584 22.4282
220715.18-000347.2 331.813253 -0.063120 0.8858 0.0003 23.5509 23.0498 22.8999 22.5987 22.3073
220731.22+004017.4 331.880097 0.671521 2.9173 0.0003 23.5217 22.9411 22.775 22.941 22.2358
220754.57-003306.3 331.977379 -0.551760 2.8973 0.0006 23.7833 22.9936 22.8075 22.6559 22.3271
220758.89-005331.1 331.995381 -0.891974 0.8444 0.0005 23.1811 22.7692 22.6929 22.5914 21.8605
220759.74+002448.2 331.998926 0.413391 2.1584 0.0013 23.9621 23.2767 22.8507 22.936 23.0057
220801.73+001757.0 332.007227 0.299168 2.4053 0.0005 23.8332 23.135 22.882 22.8557 23.1502
220804.55+023538.9 332.018965 2.594140 3.1975 0.0001 24.7344 22.5766 22.5803 22.8516 22.8653
220805.19+030142.6 332.021646 3.028518 2.1741 0.0015 23.2731 22.9159 22.7325 22.8288 22.4907
220806.54+004828.1 332.027258 0.807825 2.9877 0.0007 24.3793 23.0888 22.7144 22.8302 22.6117
220807.20+025701.3 332.030009 2.950373 2.4998 0.0004 23.0336 22.7152 22.6168 22.5647 21.9637
220812.37+012606.4 332.051575 1.435130 2.5745 0.0004 23.6081 22.7873 22.7086 22.7433 22.1733
220812.54+004050.1 332.052288 0.680591 2.3140 0.0014 23.8136 23.0868 22.9455 22.9422 22.8513
220815.12+035510.6 332.063024 3.919614 2.2568 0.0003 23.4962 22.9 22.9258 22.7175 22.0086
220832.70+001532.4 332.136269 0.259026 3.7996 0.0017 24.5692 23.4682 22.733 22.656 22.7961
220918.04+031341.5 332.325204 3.228198 2.2987 0.0004 23.1744 22.7403 22.8625 22.6552 22.761
220921.44-001556.6 332.339356 -0.265728 2.1736 0.0004 23.3044 22.6901 22.6741 22.5662 22.6844
220939.13-005022.8 332.413071 -0.839669 0.7135 0.0005 24.2966 23.2921 22.977 22.5133 22.007
220941.13+030546.0 332.421412 3.096137 2.6736 0.0006 23.2207 22.8826 22.7085 22.8865 22.7342
220944.95+033939.2 332.437301 3.660914 2.4036 0.0004 24.0909 23.0976 23.1695 23.1359 23.4033
220948.16+013317.6 332.450703 1.554906 2.6001 0.0012 23.3844 22.8055 22.6067 22.7328 22.5572
220949.71+004603.4 332.457136 0.767637 2.1562 0.0005 23.2971 22.8999 22.8539 22.6271 22.2839
221000.90+041609.3 332.503759 4.269272 3.1413 0.0005 23.8351 23.0421 23.0592 22.901 23.1555
221040.15-000115.7 332.667306 -0.021047 2.2233 0.0005 23.0385 22.8634 22.943 22.7576 22.2027
221045.28-000748.2 332.688670 -0.130070 2.7230 0.0011 23.7896 23.1464 22.8638 23.167 22.6622
221100.47+000146.0 332.751996 0.029449 2.4577 0.0006 23.3618 22.6588 22.59 22.7274 22.2241
221109.39+044356.3 332.789154 4.732323 2.4854 0.0005 23.9423 23.074 23.0141 22.7943 22.3356
221120.23+013423.4 332.834311 1.573167 1.6471 0.0013 23.5567 23.0706 23.2348 22.7486 22.6606
221122.12+010313.5 332.842173 1.053755 2.5191 0.0004 23.5519 23.2981 23.136 23.4498 22.6961
221124.47+010142.7 332.851969 1.028549 2.5660 0.0004 23.0601 22.6154 22.4272 22.6407 22.1885
221124.65-003405.7 332.852744 -0.568270 2.2018 0.0008 23.6393 22.9652 23.1283 22.8066 22.7472
221125.26+014934.2 332.855283 1.826188 2.6312 0.0007 23.9294 22.9653 22.851 22.8448 22.5418
221133.56+023230.7 332.889872 2.541876 2.2162 0.0003 23.7554 23.2259 23.6408 23.0175 22.8093
221139.13+014656.1 332.913063 1.782269 2.0173 0.0012 23.0947 23.0634 23.1087 22.653 22.1403
221144.72+034346.9 332.936358 3.729701 1.9175 0.0016 22.9517 22.6025 22.6416 22.5203 22.5687
221213.76+013727.1 333.057363 1.624213 0.9424 0.0005 23.4174 22.7719 22.6331 22.9307 22.1153
221217.57+012751.5 333.073250 1.464321 1.8984 0.0010 23.1536 22.8576 22.8444 22.66 22.4815
221222.60+012644.3 333.094179 1.445654 1.5228 0.0008 22.8938 22.6885 22.4972 22.7803 22.4091
221245.77+010212.6 333.190741 1.036856 0.9249 0.0003 23.3237 23.078 22.8438 22.705 22.8687
221250.78+030842.6 333.211600 3.145192 2.1930 0.0009 23.7377 22.8802 22.8499 22.6534 22.2937
221258.03-003143.1 333.241800 -0.528666 2.5926 0.0011 23.4867 22.9685 22.7442 22.6955 22.5142
221312.80-001539.7 333.303372 -0.261031 2.9967 0.0007 24.7467 23.308 22.9873 23.4686 25.5443
221328.44+023651.6 333.368512 2.614350 2.6601 0.0011 23.6741 23.0383 22.9008 23.0005 22.8488
221342.19+010913.3 333.425832 1.153722 4.0593 0.0004 26.8876 24.1671 22.4708 22.6134 22.1889
221346.41+003006.7 333.443380 0.501874 0.5960 0.0007 23.7496 23.2395 22.9874 23.1914 23.2704
221352.22+044848.3 333.467597 4.813417 2.5212 0.0004 23.9585 23.0721 22.9907 22.9737 22.527
221401.24-000212.1 333.505202 -0.036699 3.3303 0.0005 25.9634 23.1215 22.8045 22.6269 22.3881
221412.33+013228.9 333.551387 1.541370 2.1562 0.0007 23.4432 22.9417 22.8796 22.7267 22.4125
221421.21+033208.9 333.588379 3.535809 2.6287 0.0015 23.7259 23.0656 22.968 23.0121 22.6342
221518.54+015537.8 333.827255 1.927194 1.4221 0.0008 23.2893 23.1855 22.7675 22.5768 22.4697
221524.00-005643.8 333.850018 -0.945500 2.4936 0.0004 24.1048 23.3871 23.2981 23.4832 24.9837
221534.65+014215.3 333.894406 1.704262 2.9978 0.0007 23.4378 23.0366 22.8902 23.0694 22.5629
221535.45+042219.4 333.897744 4.372082 2.5169 0.0004 23.7687 22.6747 22.4529 22.5552 22.2237
221536.17-004341.9 333.900726 -0.728319 3.1158 0.0019 24.6536 23.5018 22.9732 23.1241 22.9098
221601.20+032056.0 334.005027 3.348906 2.4129 0.0004 23.3703 22.874 22.7779 22.6134 22.4999
221609.34-002842.5 334.038951 -0.478481 2.6287 0.0006 23.7905 23.2687 23.063 23.0903 23.1652
221625.38+014130.8 334.105763 1.691898 2.7792 0.0003 23.3263 22.5476 22.5445 22.6419 22.6843
221625.78+003743.0 334.107446 0.628625 2.6419 0.0004 23.6621 22.6097 22.6368 22.6399 22.9169
221639.01+040443.4 334.162569 4.078743 2.3300 0.0009 23.6886 23.3197 23.3241 23.0804 22.4203
221639.01+001943.7 334.162578 0.328821 0.7021 0.0000 23.9193 23.2123 22.9844 23.1058 24.355
221640.44+010925.5 334.168541 1.157102 2.2556 0.0006 23.4883 22.8924 23.0691 22.7244 22.7333
221644.01+033106.9 334.183400 3.518599 2.6049 0.0011 23.7611 22.5927 22.4648 22.5381 21.7259
221650.74+035735.9 334.211446 3.959981 2.1218 0.0005 23.5607 23.0078 23.078 22.8709 22.609
221705.87+042646.1 334.274486 4.446159 2.1591 0.0008 23.7084 23.0429 22.9105 22.917 23.1344
221709.08-010146.4 334.287849 -1.029576 1.3444 0.0008 23.3876 23.553 22.9069 22.7867 22.2777
221710.23+003918.9 334.292664 0.655265 1.5964 0.0012 23.4148 23.0369 22.9269 22.795 22.8114
221715.32-002404.8 334.313837 -0.401340 2.3811 0.0005 23.48 22.9142 22.6192 22.5976 22.5645
221725.11+023503.4 334.354638 2.584298 2.5569 0.0007 23.1233 22.774 22.6524 22.7857 22.5158
221729.81+003855.3 334.374213 0.648719 2.3819 0.0003 23.0593 22.7857 22.7304 22.5246 22.9221
221734.46+003732.9 334.393587 0.625821 2.9241 0.0004 24.1688 22.7009 22.3132 22.7489 22.7696
221748.11+001551.6 334.450475 0.264343 2.1685 0.0013 23.2439 23.0313 23.0154 23.012 22.576
221754.51-004115.7 334.477143 -0.687700 2.3817 0.0010 23.2457 22.5702 22.5968 22.7141 22.9353
221806.00+014042.6 334.525031 1.678527 2.2328 0.0004 23.7975 22.906 23.1441 23.0486 23.0066
221817.31+013316.4 334.572137 1.554572 1.7009 0.0008 23.2563 23.1103 22.9706 22.5585 22.023
221822.97-005517.4 334.595718 -0.921506 3.1513 0.0005 24.278 23.2026 22.9691 22.8302 22.4252
221823.36+020437.7 334.597344 2.077162 2.3031 0.0006 23.9557 23.0052 23.1116 23.3218 22.7848
221826.36-002129.1 334.609842 -0.358102 0.9590 0.0007 23.3319 22.9963 22.7443 22.9834 22.2516
221830.61+023309.6 334.627567 2.552674 2.5325 0.0004 23.3733 22.9645 23.0951 22.891 22.1005
221845.94+000952.9 334.691434 0.164713 2.2579 0.0011 24.1723 23.2503 23.1389 23.0416 22.9441
221852.62+005740.1 334.719254 0.961154 2.4010 0.0006 23.4647 23.1812 23.0994 23.1895 22.3249
221857.60-002302.7 334.740001 -0.384087 2.2576 0.0005 23.5067 22.9694 22.7928 22.5518 22.5862
221858.19-003334.9 334.742496 -0.559696 2.5235 0.0006 23.2218 23.2058 22.8384 22.9226 22.0426
221903.28+015322.6 334.763683 1.889613 2.2837 0.0013 23.4954 23.2011 23.2891 23.2643 22.647
221912.68+014140.6 334.802850 1.694611 2.2581 0.0000 23.9759 22.9439 23.0015 22.8745 22.6882
221946.65+004340.6 334.944389 0.727953 1.7795 0.0004 23.0842 22.8214 22.6574 22.6398 22.4058
221952.13+001933.0 334.967242 0.325839 0.8067 0.0001 23.6147 23.2859 23.0163 22.803 22.9588
221958.50+034851.4 334.993754 3.814297 2.4218 0.0008 23.9097 23.0359 22.9956 22.7926 22.2821
222002.85+004149.6 335.011910 0.697113 2.3398 0.0007 23.529 22.5678 22.6187 22.5897 22.4138
222010.26+040630.5 335.042751 4.108492 2.7692 0.0006 23.2887 22.7298 22.5518 22.6755 22.4345
222010.94+044938.5 335.045601 4.827371 2.3011 0.0006 24.9093 23.3747 23.5721 22.9399 22.7739
222015.45+002601.4 335.064385 0.433730 2.2449 0.0010 24.2104 22.9184 22.865 22.6582 23.1481
222017.60+015530.6 335.073341 1.925185 2.6713 0.0007 23.8694 22.9521 22.7956 22.7529 22.4298
222027.07-004916.0 335.112812 -0.821120 2.3492 0.0007 23.9318 22.7435 22.6899 22.6304 22.7556
222058.33+040212.0 335.243050 4.036669 2.2580 0.0005 24.9762 23.2746 23.2879 23.4307 24.0997
222103.33-000315.8 335.263906 -0.054396 2.3706 0.0004 23.106 22.4761 22.57 22.5876 22.1403
222108.71-001940.1 335.286308 -0.327806 2.3620 0.0008 23.4421 23.1998 23.2273 23.1731 22.9899
222155.94+022113.9 335.483115 2.353888 2.2940 0.0003 23.6937 22.7718 22.9968 22.7014 23.1137
222222.41-002931.8 335.593407 -0.492173 2.2010 0.0006 23.4797 23.1472 22.9612 22.9383 23.0309
222306.86-005910.3 335.778584 -0.986196 2.3780 0.0005 23.3338 23.0776 23.0409 23.0332 22.6672
222312.30+001542.3 335.801266 0.261750 2.3289 0.0005 23.6476 23.0795 22.9825 22.9157 22.4838
222314.05+004118.6 335.808547 0.688527 2.6668 0.0009 23.1522 22.6574 22.6492 22.5601 22.569
222316.46+011414.4 335.818608 1.237341 2.3922 0.0003 23.7838 22.9096 22.9768 22.9309 22.1291
222319.27-001337.5 335.830322 -0.227107 2.0649 0.0007 23.3898 23.1685 23.4577 23.1565 23.3347
222326.26+000132.7 335.859424 0.025774 2.7664 0.0004 23.7663 22.9754 22.6456 22.5837 22.811
222340.77+022807.3 335.919911 2.468718 2.0382 0.0014 23.7572 23.1679 23.0716 22.9072 22.8348
222348.87-000354.5 335.953645 -0.065166 3.1582 0.0003 24.4013 23.2068 22.9515 22.9382 23.2443
