1.000000000000000056e-01 2.377348049412022647e+03
1.010000000000000064e-01 2.351296917471688175e+03
1.020000000000000073e-01 2.325934248106711493e+03
1.030000000000000082e-01 2.301314133259690607e+03
1.040000000000000091e-01 2.277028993530571370e+03
1.050000000000000100e-01 2.253400323000864773e+03
1.060000000000000109e-01 2.230115965253406102e+03
1.070000000000000118e-01 2.207677077989103964e+03
1.080000000000000127e-01 2.185498668287260443e+03
1.090000000000000135e-01 2.163835294457388500e+03
1.100000000000000144e-01 2.142563382190441644e+03
1.110000000000000153e-01 2.121762332094063822e+03
1.120000000000000162e-01 2.101350421921400994e+03
1.130000000000000171e-01 2.081133917019294131e+03
1.140000000000000180e-01 2.061590026321954610e+03
1.150000000000000189e-01 2.042493800341647102e+03
1.160000000000000198e-01 2.023616401364573449e+03
1.170000000000000207e-01 2.005103864729146153e+03
1.180000000000000215e-01 1.986981222470901685e+03
1.190000000000000224e-01 1.969228630192275659e+03
1.200000000000000233e-01 1.951716234527622419e+03
1.210000000000000242e-01 1.934634632217113449e+03
1.220000000000000251e-01 1.917864807019606360e+03
1.230000000000000260e-01 1.901352794829136656e+03
1.240000000000000269e-01 1.885188534830876961e+03
1.250000000000000278e-01 1.869250938548968861e+03
1.260000000000000286e-01 1.853664382828754015e+03
1.270000000000000295e-01 1.838399900030119625e+03
1.280000000000000304e-01 1.823321404949466341e+03
1.290000000000000313e-01 1.808524716314547959e+03
1.300000000000000322e-01 1.793977144198323913e+03
1.310000000000000331e-01 1.779738785648948351e+03
1.320000000000000340e-01 1.765715649658805432e+03
1.330000000000000349e-01 1.751913668048774298e+03
1.340000000000000357e-01 1.738345462964572562e+03
1.350000000000000366e-01 1.725046346043847279e+03
1.360000000000000375e-01 1.711979012381766097e+03
1.370000000000000384e-01 1.699093311044757002e+03
1.380000000000000393e-01 1.686405661422612411e+03
1.390000000000000402e-01 1.673966457283181398e+03
1.400000000000000411e-01 1.661727626580787728e+03
1.410000000000000420e-01 1.649671508334600048e+03
1.420000000000000429e-01 1.637786747386602883e+03
1.430000000000000437e-01 1.626113042135835713e+03
1.440000000000000446e-01 1.614648261442118837e+03
1.450000000000000455e-01 1.603355149806090594e+03
1.460000000000000464e-01 1.592229763793966413e+03
1.470000000000000473e-01 1.581256722438058659e+03
1.480000000000000482e-01 1.570489510431280678e+03
1.490000000000000491e-01 1.559888087542995436e+03
1.500000000000000500e-01 1.549434702497333319e+03
1.510000000000000508e-01 1.539125384017607985e+03
1.520000000000000517e-01 1.528966865422522460e+03
1.530000000000000526e-01 1.519003540496168853e+03
1.540000000000000535e-01 1.509177758485098821e+03
1.550000000000000544e-01 1.499482404661957844e+03
1.560000000000000553e-01 1.489915466880065196e+03
1.570000000000000562e-01 1.480496166209843523e+03
1.580000000000000571e-01 1.471258531220183613e+03
1.590000000000000580e-01 1.462138060702957546e+03
1.600000000000000588e-01 1.453135336765305738e+03
1.610000000000000597e-01 1.444247820129617367e+03
1.620000000000000606e-01 1.435495267227081968e+03
1.630000000000000615e-01 1.426892406474044719e+03
1.640000000000000624e-01 1.418403652951220238e+03
1.650000000000000633e-01 1.410019784698691183e+03
1.660000000000000642e-01 1.401740334427057633e+03
1.670000000000000651e-01 1.393581868623771243e+03
1.680000000000000659e-01 1.385567632953444445e+03
1.690000000000000668e-01 1.377643914008921683e+03
1.700000000000000677e-01 1.369827047240113188e+03
1.710000000000000686e-01 1.362104266139225956e+03
1.720000000000000695e-01 1.354473872984277477e+03
1.730000000000000704e-01 1.346992637030484275e+03
1.740000000000000713e-01 1.339599533125850940e+03
1.750000000000000722e-01 1.332302317725087050e+03
1.760000000000000731e-01 1.325082201621396734e+03
1.770000000000000739e-01 1.317945652775002827e+03
1.780000000000000748e-01 1.310934038964733872e+03
1.790000000000000757e-01 1.304017587887163700e+03
1.800000000000000766e-01 1.297180454666796322e+03
1.810000000000000775e-01 1.290966012872106603e+03
1.820000000000000784e-01 1.283728614902323443e+03
1.830000000000000793e-01 1.277131591121511519e+03
1.840000000000000802e-01 1.270658561497178425e+03
1.850000000000000810e-01 1.264250872427528748e+03
1.860000000000000819e-01 1.257910209086041050e+03
1.870000000000000828e-01 1.251642083098129660e+03
1.880000000000000837e-01 1.245441523918106668e+03
1.890000000000000846e-01 1.239337649078058121e+03
1.900000000000000855e-01 1.233327499193704625e+03
1.910000000000000864e-01 1.227380051619137248e+03
1.920000000000000873e-01 1.221495339845534772e+03
1.930000000000000882e-01 1.215673222604807052e+03
1.940000000000000890e-01 1.209910689088338586e+03
1.950000000000000899e-01 1.204241396705358056e+03
1.960000000000000908e-01 1.198650384199505424e+03
1.970000000000000917e-01 1.193108680094948113e+03
1.980000000000000926e-01 1.187636780727071937e+03
1.990000000000000935e-01 1.182212331229071197e+03
2.000000000000000944e-01 1.176841481113730197e+03
2.010000000000000953e-01 1.171558820715261845e+03
2.020000000000000961e-01 1.166356764422713923e+03
2.030000000000000970e-01 1.161204164007440568e+03
2.040000000000000979e-01 1.156093529669452892e+03
2.050000000000000988e-01 1.151046177340838085e+03
2.060000000000000997e-01 1.146039758686523101e+03
2.070000000000001006e-01 1.141093593454392703e+03
2.080000000000001015e-01 1.136236158154355508e+03
2.090000000000001024e-01 1.131424178533084387e+03
2.100000000000001033e-01 1.126656917566411948e+03
2.110000000000001041e-01 1.121930143434508864e+03
2.120000000000001050e-01 1.117253558334904028e+03
2.130000000000001059e-01 1.112615845999187968e+03
2.140000000000001068e-01 1.108058197777988198e+03
2.150000000000001077e-01 1.103560396238933890e+03
2.160000000000001086e-01 1.099100969486471968e+03
2.170000000000001095e-01 1.094680708465762791e+03
2.180000000000001104e-01 1.090296087913965948e+03
2.190000000000001112e-01 1.085903903024357760e+03
2.200000000000001121e-01 1.081693404931793566e+03
2.210000000000001130e-01 1.077396080824468527e+03
2.220000000000001139e-01 1.073270015176835159e+03
2.230000000000001148e-01 1.069148937499795238e+03
2.240000000000001157e-01 1.065034295766597552e+03
2.250000000000001166e-01 1.060967197242227485e+03
2.260000000000001175e-01 1.056934338177219161e+03
2.270000000000001183e-01 1.052935418487903917e+03
2.280000000000001192e-01 1.049380706807927254e+03
2.290000000000001201e-01 1.045129581346020814e+03
2.300000000000001210e-01 1.041280224773201780e+03
2.310000000000001219e-01 1.037462899066867521e+03
2.320000000000001228e-01 1.033676773835585664e+03
2.330000000000001237e-01 1.029921489544256474e+03
2.340000000000001246e-01 1.026196639790354993e+03
2.350000000000001255e-01 1.022522133386007113e+03
2.360000000000001263e-01 1.018906969078983479e+03
2.370000000000001272e-01 1.015320196511903987e+03
2.380000000000001281e-01 1.011761097519852342e+03
2.390000000000001290e-01 1.008227612933060868e+03
2.400000000000001299e-01 1.004733526298373135e+03
2.410000000000001308e-01 1.001264403061929556e+03
2.420000000000001317e-01 9.978091359073700914e+02
2.430000000000001326e-01 9.944222999434012991e+02
2.440000000000001334e-01 9.910812079064294267e+02
2.450000000000001343e-01 9.877652931919479897e+02
2.460000000000001352e-01 9.844396039880309672e+02
2.470000000000001361e-01 9.811750623814708661e+02
2.480000000000001370e-01 9.779290229037975450e+02
2.490000000000001379e-01 9.747065939222034103e+02
2.500000000000001110e-01 9.715074371752855313e+02
2.510000000000001119e-01 9.683632926170977271e+02
2.520000000000001128e-01 9.652543205615013449e+02
2.530000000000001137e-01 9.621725832890138008e+02
2.540000000000001146e-01 9.591124438537677861e+02
2.550000000000001155e-01 9.560736864109089765e+02
2.560000000000001164e-01 9.530560735937812069e+02
2.570000000000001172e-01 9.500593494895870208e+02
2.580000000000001181e-01 9.470832387768490435e+02
2.590000000000001190e-01 9.441274424397951179e+02
2.600000000000001199e-01 9.412406231335558005e+02
2.610000000000001208e-01 9.383756491872845800e+02
2.620000000000001217e-01 9.355297837257263609e+02
2.630000000000001226e-01 9.327023063168760473e+02
2.640000000000001235e-01 9.298884077590480501e+02
2.650000000000001243e-01 9.271063101351164732e+02
2.660000000000001252e-01 9.243360207341144132e+02
2.670000000000001261e-01 9.215841509163683440e+02
2.680000000000001270e-01 9.188504961488706613e+02
2.690000000000001279e-01 9.161771626453929684e+02
2.700000000000001288e-01 9.135257193542953473e+02
2.710000000000001297e-01 9.109009947582467248e+02
2.720000000000001306e-01 9.082814057533116738e+02
2.730000000000001315e-01 9.056759943981642209e+02
2.740000000000001323e-01 9.030933412859668579e+02
2.750000000000001332e-01 9.005260740295852884e+02
2.760000000000001341e-01 8.979745406470897251e+02
2.770000000000001350e-01 8.954386162666716018e+02
2.780000000000001359e-01 8.929294826280067809e+02
2.790000000000001368e-01 8.907055951317945528e+02
2.800000000000001377e-01 8.880325106453819899e+02
2.810000000000001386e-01 8.856053726854804609e+02
2.820000000000001394e-01 8.831924771805132650e+02
2.830000000000001403e-01 8.807937167699698193e+02
2.840000000000001412e-01 8.784089221466454092e+02
2.850000000000001421e-01 8.760378485631565582e+02
2.860000000000001430e-01 8.736801164005890996e+02
2.870000000000001439e-01 8.713350274744711896e+02
2.880000000000001448e-01 8.690139072190252136e+02
2.890000000000001457e-01 8.667398661379769464e+02
2.900000000000001465e-01 8.644842349201079514e+02
2.910000000000001474e-01 8.622414410828623659e+02
2.920000000000001483e-01 8.600113597012034461e+02
2.930000000000001492e-01 8.577938675615473585e+02
2.940000000000001501e-01 8.555759239525299336e+02
2.950000000000001510e-01 8.533832100353777150e+02
2.960000000000001519e-01 8.512026407929286052e+02
2.970000000000001528e-01 8.490340861305902536e+02
2.980000000000001537e-01 8.468774118011915562e+02
2.990000000000001545e-01 8.447324766368940345e+02
3.000000000000001554e-01 8.426350049722800577e+02
3.010000000000001563e-01 8.405703445427484439e+02
3.020000000000001572e-01 8.384983225747287179e+02
3.030000000000001581e-01 8.364451120598502030e+02
3.040000000000001590e-01 8.344023446000678632e+02
3.050000000000001599e-01 8.323700654848161093e+02
3.060000000000001608e-01 8.303131913220956903e+02
3.070000000000001616e-01 8.283368674862201715e+02
3.080000000000001625e-01 8.263358098268154208e+02
3.090000000000001634e-01 8.243673742158338200e+02
3.100000000000001643e-01 8.223654187973339731e+02
3.110000000000001652e-01 8.203946583789460192e+02
3.120000000000001661e-01 8.184550102039311241e+02
3.130000000000001670e-01 8.165491567856410029e+02
3.140000000000001679e-01 8.146534626515826858e+02
3.150000000000001688e-01 8.127645763283185261e+02
3.160000000000001696e-01 8.108867982346873760e+02
3.170000000000001705e-01 8.090179471050499842e+02
3.180000000000001714e-01 8.071268841352674599e+02
3.190000000000001723e-01 8.053071743412136811e+02
3.200000000000001732e-01 8.034650748220061587e+02
3.210000000000001741e-01 8.016316612651554578e+02
3.220000000000001750e-01 7.998067306406558146e+02
3.230000000000001759e-01 7.979899072147586594e+02
3.240000000000001767e-01 7.961802170290154663e+02
3.250000000000001776e-01 7.943937523392554567e+02
3.260000000000001785e-01 7.926360757386578371e+02
3.270000000000001794e-01 7.908979476077214485e+02
3.280000000000001803e-01 7.891676467409656652e+02
3.290000000000001812e-01 7.874450863558770379e+02
3.300000000000001821e-01 7.857301618684731466e+02
3.310000000000001830e-01 7.840227301151569463e+02
3.320000000000001839e-01 7.823304727059395418e+02
3.330000000000001847e-01 7.806824079130627752e+02
3.340000000000001856e-01 7.789405494101259819e+02
3.350000000000001865e-01 7.772396253231720493e+02
3.360000000000001874e-01 7.756357763904458125e+02
3.370000000000001883e-01 7.739546697528417099e+02
3.380000000000001892e-01 7.722960452289837576e+02
3.390000000000001901e-01 7.706469921217975525e+02
3.400000000000001910e-01 7.690059182890213378e+02
3.410000000000001918e-01 7.673781333240350477e+02
3.420000000000001927e-01 7.657969616457161237e+02
3.430000000000001936e-01 7.642237802809257801e+02
3.440000000000001945e-01 7.626622630234724056e+02
3.450000000000001954e-01 7.610829168345046583e+02
3.460000000000001963e-01 7.594998693185287948e+02
3.470000000000001972e-01 7.579628412593503981e+02
3.480000000000001981e-01 7.564226606107730504e+02
3.490000000000001990e-01 7.548866934258371657e+02
3.500000000000001998e-01 7.533433354618038038e+02
3.510000000000002007e-01 7.518266852354267940e+02
3.520000000000002016e-01 7.503126986750814922e+02
3.530000000000002025e-01 7.487999018658775867e+02
3.540000000000002034e-01 7.472911671026663498e+02
3.550000000000002043e-01 7.458000067772003376e+02
3.560000000000002052e-01 7.443050604605058425e+02
3.570000000000002061e-01 7.428160552498781044e+02
3.580000000000002069e-01 7.413329512676042441e+02
3.590000000000002078e-01 7.398557090331665904e+02
3.600000000000002087e-01 7.383842894578359619e+02
3.610000000000002096e-01 7.369555336696294034e+02
3.620000000000002105e-01 7.355374847220116408e+02
3.630000000000002114e-01 7.341246801982505303e+02
3.640000000000002123e-01 7.327170880809786695e+02
3.650000000000002132e-01 7.313146766422372593e+02
3.660000000000002141e-01 7.299174144398705266e+02
3.670000000000002149e-01 7.285252703135631691e+02
3.680000000000002158e-01 7.271382133819629416e+02
3.690000000000002167e-01 7.257562130396069051e+02
3.700000000000002176e-01 7.243792389531653271e+02
3.710000000000002185e-01 7.230072610581016761e+02
3.720000000000002194e-01 7.216402495554552843e+02
3.730000000000002203e-01 7.202781749082441820e+02
3.740000000000002212e-01 7.189210078389346563e+02
3.750000000000002220e-01 7.175687193261920811e+02
3.760000000000002229e-01 7.162212806012444162e+02
3.770000000000002238e-01 7.148696216943822037e+02
3.780000000000002247e-01 7.135323704378649836e+02
3.790000000000002256e-01 7.122117798093624970e+02
3.800000000000002265e-01 7.108831729782381217e+02
3.810000000000002274e-01 7.095592789425925275e+02
3.820000000000002283e-01 7.082400703504533794e+02
3.830000000000002292e-01 7.069255200840258340e+02
3.840000000000002300e-01 7.056156012569239238e+02
3.850000000000002309e-01 7.043102872114125148e+02
3.860000000000002318e-01 7.030095515159997603e+02
3.870000000000002327e-01 7.017133679626372214e+02
3.880000000000002336e-01 7.004308972736087071e+02
3.890000000000002345e-01 6.991421423629856235e+02
3.900000000000002354e-01 6.978578799131424830e+02
3.910000000000002363e-01 6.965780843728068703e+02
3.920000000000002371e-01 6.953027304039642331e+02
3.930000000000002380e-01 6.940317928802362530e+02
3.940000000000002389e-01 6.927651082040144956e+02
3.950000000000002398e-01 6.915210967206272699e+02
3.960000000000002407e-01 6.902856828186884286e+02
3.970000000000002416e-01 6.890543411915969045e+02
3.980000000000002425e-01 6.878270506175183527e+02
3.990000000000002434e-01 6.866037900329548620e+02
4.000000000000002442e-01 6.853845385303354760e+02
4.010000000000002451e-01 6.841692753571970798e+02
4.020000000000002460e-01 6.829579799151208590e+02
4.030000000000002469e-01 6.817506317579513961e+02
4.040000000000002478e-01 6.805472105904092359e+02
4.050000000000002487e-01 6.793476962667413090e+02
4.060000000000002496e-01 6.781520687892511887e+02
4.070000000000002505e-01 6.769603083065539977e+02
4.080000000000002514e-01 6.757723951115598311e+02
4.090000000000002522e-01 6.745883096405649439e+02
4.100000000000002531e-01 6.734080324718535167e+02
4.110000000000002540e-01 6.722315443238038597e+02
4.120000000000002549e-01 6.710588260542036778e+02
4.130000000000002558e-01 6.698898586583871975e+02
4.140000000000002567e-01 6.687246232680432740e+02
4.150000000000002576e-01 6.675631011493057940e+02
4.160000000000002585e-01 6.664052737016417041e+02
4.170000000000002593e-01 6.652511224577377789e+02
4.180000000000002602e-01 6.641006290822497249e+02
4.190000000000002611e-01 6.629537753701932843e+02
4.200000000000002620e-01 6.618105432450491890e+02
4.210000000000002629e-01 6.606709147578899319e+02
4.220000000000002638e-01 6.595348720868486225e+02
4.230000000000002647e-01 6.584023975359117458e+02
4.240000000000002656e-01 6.572734735335619689e+02
4.250000000000002665e-01 6.561480826317277888e+02
4.260000000000002673e-01 6.550262075047089638e+02
4.270000000000002682e-01 6.539078309479986046e+02
4.280000000000002691e-01 6.527929358771049237e+02
4.290000000000002700e-01 6.516815053265144115e+02
4.300000000000002709e-01 6.505735224485695198e+02
4.310000000000002718e-01 6.494689705123189469e+02
4.320000000000002727e-01 6.483678329020785895e+02
4.330000000000002736e-01 6.472700931161007247e+02
4.340000000000002744e-01 6.461757347660222877e+02
4.350000000000002753e-01 6.450847415760553076e+02
4.360000000000002762e-01 6.439970973819589517e+02
4.370000000000002771e-01 6.429127861295280582e+02
4.380000000000002780e-01 6.418317918721822934e+02
4.390000000000002789e-01 6.407540987713748564e+02
4.400000000000002798e-01 6.396796910956884403e+02
4.410000000000002807e-01 6.386085532197704424e+02
4.420000000000002816e-01 6.375406696234508672e+02
4.430000000000002824e-01 6.364760248910655491e+02
4.440000000000002833e-01 6.354146037107086613e+02
4.450000000000002842e-01 6.343563908732520531e+02
4.460000000000002851e-01 6.333013712714235908e+02
4.470000000000002860e-01 6.322495298989954335e+02
4.480000000000002869e-01 6.312008518498302010e+02
4.490000000000002878e-01 6.301553223169306648e+02
4.500000000000002887e-01 6.291129265916746363e+02
4.510000000000002895e-01 6.280736500630177943e+02
4.520000000000002904e-01 6.270374782166497880e+02
4.530000000000002913e-01 6.260043966341447685e+02
4.540000000000002922e-01 6.249743909921027125e+02
4.550000000000002931e-01 6.239474470613054109e+02
4.560000000000002940e-01 6.229235507059040629e+02
4.570000000000002949e-01 6.219026878826335860e+02
4.580000000000002958e-01 6.208848446399053955e+02
4.590000000000002967e-01 6.198700071166637144e+02
4.600000000000002975e-01 6.188581615417813282e+02
4.610000000000002984e-01 6.178492942327210358e+02
4.620000000000002993e-01 6.168433915951601421e+02
4.630000000000003002e-01 6.158404401224539697e+02
4.640000000000003011e-01 6.148404263942879879e+02
4.650000000000003020e-01 6.138433370763248149e+02
4.660000000000003029e-01 6.128491589197820986e+02
4.670000000000003038e-01 6.118578787608212224e+02
4.680000000000003046e-01 6.108694835198070905e+02
4.690000000000003055e-01 6.098839602003581604e+02
4.700000000000003064e-01 6.089012958887142304e+02
4.710000000000003073e-01 6.079214777528250124e+02
4.720000000000003082e-01 6.069444930420107767e+02
4.730000000000003091e-01 6.059703290863354823e+02
4.740000000000003100e-01 6.049989732959762705e+02
4.750000000000003109e-01 6.040304131605585098e+02
4.760000000000003118e-01 6.030646362484791325e+02
4.770000000000003126e-01 6.021016302062952263e+02
4.780000000000003135e-01 6.011413827580208817e+02
4.790000000000003144e-01 6.001838817043446852e+02
4.800000000000003153e-01 5.992291149221024398e+02
4.810000000000003162e-01 5.982770703635781047e+02
4.820000000000003171e-01 5.973277360559594626e+02
4.830000000000003180e-01 5.963811001007462664e+02
4.840000000000003189e-01 5.954371506731303043e+02
4.850000000000003197e-01 5.944958760209287902e+02
4.860000000000003206e-01 5.935572644636825999e+02
4.870000000000003215e-01 5.926213043925629336e+02
4.880000000000003224e-01 5.916879842698612038e+02
4.890000000000003233e-01 5.907572926285487256e+02
4.900000000000003242e-01 5.898292180716333633e+02
4.910000000000003251e-01 5.889037492714725204e+02
4.920000000000003260e-01 5.879808749694692551e+02
4.930000000000003268e-01 5.870605839755214674e+02
4.940000000000003277e-01 5.861428651675183801e+02
4.950000000000003286e-01 5.852277074908205350e+02
4.960000000000003295e-01 5.843150999576959066e+02
4.970000000000003304e-01 5.834050316467623816e+02
4.980000000000003313e-01 5.824974917024616161e+02
4.990000000000003322e-01 5.815924693345546075e+02
5.000000000000003331e-01 5.806899538175865700e+02
5.010000000000003340e-01 5.797899344903869405e+02
5.020000000000003348e-01 5.788924007553966931e+02
5.030000000000003357e-01 5.779973420780668221e+02
5.040000000000003366e-01 5.771047479866056165e+02
5.050000000000003375e-01 5.762146080715339167e+02
5.060000000000003384e-01 5.753269119851588584e+02
5.070000000000003393e-01 5.744416494410610312e+02
5.080000000000003402e-01 5.735588102135258168e+02
5.090000000000003411e-01 5.726783841371729977e+02
5.100000000000003419e-01 5.718003611062218852e+02
5.110000000000003428e-01 5.709247310737681573e+02
5.120000000000003437e-01 5.700514840516694903e+02
5.130000000000003446e-01 5.691806101101316244e+02
5.140000000000003455e-01 5.683120993772048450e+02
5.150000000000003464e-01 5.674459420384265513e+02
5.160000000000003473e-01 5.665821283365476120e+02
5.170000000000003482e-01 5.657206485710557899e+02
5.180000000000003491e-01 5.648614930975317066e+02
5.190000000000003499e-01 5.640046523272072818e+02
5.200000000000003508e-01 5.631501167267875871e+02
5.210000000000003517e-01 5.622978768180307725e+02
5.220000000000003526e-01 5.614479231773218544e+02
5.230000000000003535e-01 5.606002464352666266e+02
5.240000000000003544e-01 5.597548372762895497e+02
5.250000000000003553e-01 5.589116864382235690e+02
5.260000000000003562e-01 5.580707847118989093e+02
5.270000000000003570e-01 5.572321229407505143e+02
5.280000000000003579e-01 5.563956920204185508e+02
5.290000000000003588e-01 5.555614828983508460e+02
5.300000000000003597e-01 5.547294865734227187e+02
5.310000000000003606e-01 5.538996940955374839e+02
5.320000000000003615e-01 5.530720965652610630e+02
5.330000000000003624e-01 5.522466851334460216e+02
5.340000000000003633e-01 5.514234510008619736e+02
5.350000000000003642e-01 5.506023854177019530e+02
5.360000000000003650e-01 5.497834796830748019e+02
5.370000000000003659e-01 5.489667251444831209e+02
5.380000000000003668e-01 5.481521131976813876e+02
5.390000000000003677e-01 5.473396352864979235e+02
5.400000000000003686e-01 5.465292829025270294e+02
5.410000000000003695e-01 5.457210475847725775e+02
5.420000000000003704e-01 5.449149209192710259e+02
5.430000000000003713e-01 5.441108945386040432e+02
5.440000000000003721e-01 5.433089601216258870e+02
5.450000000000003730e-01 5.425091093932152262e+02
5.460000000000003739e-01 5.417113341239487454e+02
5.470000000000003748e-01 5.409156261296193406e+02
5.480000000000003757e-01 5.401219772708874416e+02
5.490000000000003766e-01 5.393303794530871755e+02
5.500000000000003775e-01 5.385408246259592033e+02
5.510000000000003784e-01 5.377533047833289856e+02
5.520000000000003793e-01 5.369678119627969863e+02
5.530000000000003801e-01 5.361843382454146649e+02
5.540000000000003810e-01 5.354028757553843434e+02
5.550000000000003819e-01 5.346234166597386093e+02
5.560000000000003828e-01 5.338459531680384771e+02
5.570000000000003837e-01 5.330704775320732551e+02
5.580000000000003846e-01 5.322969820455190302e+02
5.590000000000003855e-01 5.315254590436470608e+02
5.600000000000003864e-01 5.307559009030584320e+02
5.610000000000003872e-01 5.299883000413907439e+02
5.620000000000003881e-01 5.292226489170268451e+02
5.630000000000003890e-01 5.284589400287703711e+02
5.640000000000003899e-01 5.276971659153839482e+02
5.650000000000003908e-01 5.269373191552696198e+02
5.660000000000003917e-01 5.261793923664063186e+02
5.670000000000003926e-01 5.254233782061268130e+02
5.680000000000003935e-01 5.246692693708343995e+02
5.690000000000003944e-01 5.239170585957141384e+02
5.700000000000003952e-01 5.231667386543458633e+02
5.710000000000003961e-01 5.224183023585500223e+02
5.720000000000003970e-01 5.216717425581354064e+02
5.730000000000003979e-01 5.209270521405856016e+02
5.740000000000003988e-01 5.201842240307838665e+02
5.750000000000003997e-01 5.194432511908164543e+02
5.760000000000004006e-01 5.187041266196897595e+02
5.770000000000004015e-01 5.179668433529851654e+02
5.780000000000004023e-01 5.172313944626928333e+02
5.790000000000004032e-01 5.164977730570345784e+02
5.800000000000004041e-01 5.157659722802000033e+02
5.810000000000004050e-01 5.150359853120999105e+02
5.820000000000004059e-01 5.143078053681070969e+02
5.830000000000004068e-01 5.135814256988247735e+02
5.840000000000004077e-01 5.128568395898608969e+02
5.850000000000004086e-01 5.121340403615836294e+02
5.860000000000004095e-01 5.114130213688904405e+02
5.870000000000004103e-01 5.106937760009546992e+02
5.880000000000004112e-01 5.099762976810140458e+02
5.890000000000004121e-01 5.092605798661188601e+02
5.900000000000004130e-01 5.085466160468683938e+02
5.910000000000004139e-01 5.078343997471662306e+02
5.920000000000004148e-01 5.071239245239733577e+02
5.930000000000004157e-01 5.064151839669926289e+02
5.940000000000004166e-01 5.057081716985952653e+02
5.950000000000004174e-01 5.050028813736672078e+02
5.960000000000004183e-01 5.042993066793841308e+02
5.970000000000004192e-01 5.035974413349858878e+02
5.980000000000004201e-01 5.028972790915695441e+02
5.990000000000004210e-01 5.021988137318572285e+02
6.000000000000004219e-01 5.015020390699771156e+02
6.010000000000004228e-01 5.008069489512740802e+02
6.020000000000004237e-01 5.001135372521151794e+02
6.030000000000004245e-01 4.994217978796837087e+02
6.040000000000004254e-01 4.987317247717626287e+02
6.050000000000004263e-01 4.980433118964276105e+02
6.060000000000004272e-01 4.973565532518600776e+02
6.070000000000004281e-01 4.966714428662474461e+02
6.080000000000004290e-01 4.959879747975462578e+02
6.090000000000004299e-01 4.953061431332860138e+02
6.100000000000004308e-01 4.946259419904254742e+02
6.110000000000004317e-01 4.939473655151503522e+02
6.120000000000004325e-01 4.932704078826810132e+02
6.130000000000004334e-01 4.925950632971038772e+02
6.140000000000004343e-01 4.919213259911840623e+02
6.150000000000004352e-01 4.912491902261896257e+02
6.160000000000004361e-01 4.905786502916975564e+02
6.170000000000004370e-01 4.899097005054283045e+02
6.180000000000004379e-01 4.892423352130543321e+02
6.190000000000004388e-01 4.885765487879945681e+02
6.200000000000004396e-01 4.879123356312261421e+02
6.210000000000004405e-01 4.872496901711080000e+02
6.220000000000004414e-01 4.865886068631605781e+02
6.230000000000004423e-01 4.859290801898770837e+02
6.240000000000004432e-01 4.852711046606430045e+02
6.250000000000004441e-01 4.846146748115752416e+02
6.260000000000004450e-01 4.839597852053435645e+02
6.270000000000004459e-01 4.833064304310157695e+02
6.280000000000004468e-01 4.826546051038777705e+02
6.290000000000004476e-01 4.820043038652843848e+02
6.300000000000004485e-01 4.813555213824857333e+02
6.310000000000004494e-01 4.807082523484679086e+02
6.320000000000004503e-01 4.800624914817781246e+02
6.330000000000004512e-01 4.794182335263666914e+02
6.340000000000004521e-01 4.787754732513968747e+02
6.350000000000004530e-01 4.781342054511028437e+02
6.360000000000004539e-01 4.774944249446621711e+02
6.370000000000004547e-01 4.768561265760191077e+02
6.380000000000004556e-01 4.762193052136963729e+02
6.390000000000004565e-01 4.755839557506749316e+02
6.400000000000004574e-01 4.749500731042472239e+02
6.410000000000004583e-01 4.743176522158138368e+02
6.420000000000004592e-01 4.736866880507564588e+02
6.430000000000004601e-01 4.730571755982612103e+02
6.440000000000004610e-01 4.724291098712208168e+02
6.450000000000004619e-01 4.718024859061165444e+02
6.460000000000004627e-01 4.711772987628647229e+02
6.470000000000004636e-01 4.705535435246737848e+02
6.480000000000004645e-01 4.699312152978782819e+02
6.490000000000004654e-01 4.693103092118124664e+02
6.500000000000004663e-01 4.686908204186742637e+02
6.510000000000004672e-01 4.680727440933703747e+02
6.520000000000004681e-01 4.674560754333764976e+02
6.530000000000004690e-01 4.668408096585740736e+02
6.540000000000004698e-01 4.662269420111006752e+02
6.550000000000004707e-01 4.656144677552733242e+02
6.560000000000004716e-01 4.650033821774491116e+02
6.570000000000004725e-01 4.643936805858966181e+02
6.580000000000004734e-01 4.637853583106742690e+02
6.590000000000004743e-01 4.631784107034908402e+02
6.600000000000004752e-01 4.625728331375891003e+02
6.610000000000004761e-01 4.619686210076001771e+02
6.620000000000004770e-01 4.613657697294177638e+02
6.630000000000004778e-01 4.607642747400676626e+02
6.640000000000004787e-01 4.601641314975814225e+02
6.650000000000004796e-01 4.595653354808733866e+02
6.660000000000004805e-01 4.589678821896255840e+02
6.670000000000004814e-01 4.583717671441539778e+02
6.680000000000004823e-01 4.577769858852800553e+02
6.690000000000004832e-01 4.571835339742194719e+02
6.700000000000004841e-01 4.565914069924422733e+02
6.710000000000004849e-01 4.560006005415686445e+02
6.720000000000004858e-01 4.554111102432131020e+02
6.730000000000004867e-01 4.548229317388933737e+02
6.740000000000004876e-01 4.542360606899020468e+02
6.750000000000004885e-01 4.536504927771564439e+02
6.760000000000004894e-01 4.530662237011213165e+02
6.770000000000004903e-01 4.524832491817116420e+02
6.780000000000004912e-01 4.519015649581667731e+02
6.790000000000004921e-01 4.513211667889499950e+02
6.800000000000004929e-01 4.507420504516063602e+02
6.810000000000004938e-01 4.501642117426416689e+02
6.820000000000004947e-01 4.495876464774110559e+02
6.830000000000004956e-01 4.490123504900341800e+02
6.840000000000004965e-01 4.484383196332840953e+02
6.850000000000004974e-01 4.478655497784765203e+02
6.860000000000004983e-01 4.472940368153192026e+02
6.870000000000004992e-01 4.467237766518452418e+02
6.880000000000005000e-01 4.461547652143191840e+02
6.890000000000005009e-01 4.455869984471357839e+02
6.900000000000005018e-01 4.450204723127260991e+02
6.910000000000005027e-01 4.444551827914442015e+02
6.920000000000005036e-01 4.438911258814700886e+02
6.930000000000005045e-01 4.433282975987062855e+02
6.940000000000005054e-01 4.427666939766777432e+02
6.950000000000005063e-01 4.422063110664244618e+02
6.960000000000005071e-01 4.416471449364125874e+02
6.970000000000005080e-01 4.410891916724191333e+02
6.980000000000005089e-01 4.405324473774402350e+02
6.990000000000005098e-01 4.399769081715980406e+02
7.000000000000005107e-01 4.394225701920359484e+02
7.010000000000005116e-01 4.388694295928228257e+02
7.020000000000005125e-01 4.383174825448571710e+02
7.030000000000005134e-01 4.377667252357733787e+02
7.040000000000005143e-01 4.372171538698509607e+02
7.050000000000005151e-01 4.366687646679238810e+02
7.060000000000005160e-01 4.361215538672826142e+02
7.070000000000005169e-01 4.355755177215630738e+02
7.080000000000005178e-01 4.350306525006503193e+02
7.090000000000005187e-01 4.344869544906049441e+02
7.100000000000005196e-01 4.339444199935446704e+02
7.110000000000005205e-01 4.334030453275827881e+02
7.120000000000005214e-01 4.328628268267337376e+02
7.130000000000005222e-01 4.323237608408334154e+02
7.140000000000005231e-01 4.317858437354456669e+02
7.150000000000005240e-01 4.312490718917720756e+02
7.160000000000005249e-01 4.307134417065628895e+02
7.170000000000005258e-01 4.301789495920293120e+02
7.180000000000005267e-01 4.296455919757591460e+02
7.190000000000005276e-01 4.291133653006191935e+02
7.200000000000005285e-01 4.285822660246680584e+02
7.210000000000005294e-01 4.280522906210767928e+02
7.220000000000005302e-01 4.275234355780454507e+02
7.230000000000005311e-01 4.269956973987316928e+02
7.240000000000005320e-01 4.264690726011716606e+02
7.250000000000005329e-01 4.259435577182003385e+02
7.260000000000005338e-01 4.254191492973602635e+02
7.270000000000005347e-01 4.248958439008283676e+02
7.280000000000005356e-01 4.243736381053230389e+02
7.290000000000005365e-01 4.238525285020397178e+02
7.300000000000005373e-01 4.233325116965684174e+02
7.310000000000005382e-01 4.228135843088249999e+02
7.320000000000005391e-01 4.222957429729619889e+02
7.330000000000005400e-01 4.217789843372988230e+02
7.340000000000005409e-01 4.212633050642265857e+02
7.350000000000005418e-01 4.207487018301421244e+02
7.360000000000005427e-01 4.202351713253730168e+02
7.370000000000005436e-01 4.197227102541121440e+02
7.380000000000005445e-01 4.192113153343346994e+02
7.390000000000005453e-01 4.187009832977314545e+02
7.400000000000005462e-01 4.181917108896244031e+02
7.410000000000005471e-01 4.176834948689032103e+02
7.420000000000005480e-01 4.171763320079463142e+02
7.430000000000005489e-01 4.166702190925469722e+02
7.440000000000005498e-01 4.161651529218394217e+02
7.450000000000005507e-01 4.156611303082192421e+02
7.460000000000005516e-01 4.151581480772892405e+02
7.470000000000005524e-01 4.146562030677640678e+02
7.480000000000005533e-01 4.141552921314282116e+02
7.490000000000005542e-01 4.136554121330557905e+02
7.500000000000005551e-01 4.131565599503472868e+02
7.510000000000005560e-01 4.126587324738552525e+02
7.520000000000005569e-01 4.121619266069212131e+02
7.530000000000005578e-01 4.116661392656005773e+02
7.540000000000005587e-01 4.111713673785970400e+02
7.550000000000005596e-01 4.106776078871893674e+02
7.560000000000005604e-01 4.101848577451713709e+02
7.570000000000005613e-01 4.096931139187943245e+02
7.580000000000005622e-01 4.092023733866967632e+02
7.590000000000005631e-01 4.087126331398426373e+02
7.600000000000005640e-01 4.082238901814507130e+02
7.610000000000005649e-01 4.077361415269332383e+02
7.620000000000005658e-01 4.072493842038341541e+02
7.630000000000005667e-01 4.067636152517529240e+02
7.640000000000005675e-01 4.062788317222811543e+02
7.650000000000005684e-01 4.057950306789476826e+02
7.660000000000005693e-01 4.053122091971570740e+02
7.670000000000005702e-01 4.048303643641312419e+02
7.680000000000005711e-01 4.043494932788377696e+02
7.690000000000005720e-01 4.038695930519413650e+02
7.700000000000005729e-01 4.033906608057406515e+02
7.710000000000005738e-01 4.029126936741042186e+02
7.720000000000005747e-01 4.024356888024150294e+02
7.730000000000005755e-01 4.019596433475110757e+02
7.740000000000005764e-01 4.014845544776228508e+02
7.750000000000005773e-01 4.010104193723231560e+02
7.760000000000005782e-01 4.005372352224532051e+02
7.770000000000005791e-01 4.000649992300780582e+02
7.780000000000005800e-01 3.995937086084151133e+02
7.790000000000005809e-01 3.991233605817781154e+02
7.800000000000005818e-01 3.986539523855334437e+02
7.810000000000005826e-01 3.981854812660336620e+02
7.820000000000005835e-01 3.977179444805655635e+02
7.830000000000005844e-01 3.972513392972818451e+02
7.840000000000005853e-01 3.967856629951512559e+02
7.850000000000005862e-01 3.963209128639015262e+02
7.860000000000005871e-01 3.958570862039724716e+02
7.870000000000005880e-01 3.953941803264613668e+02
7.880000000000005889e-01 3.949321925530707063e+02
7.890000000000005898e-01 3.944711202160507355e+02
7.900000000000005906e-01 3.940109606581522712e+02
7.910000000000005915e-01 3.935517112325657081e+02
7.920000000000005924e-01 3.930933693028670746e+02
7.930000000000005933e-01 3.926359322429697158e+02
7.940000000000005942e-01 3.921793974370780234e+02
7.950000000000005951e-01 3.917237622796306482e+02
7.960000000000005960e-01 3.912690241752501379e+02
7.970000000000005969e-01 3.908151805386850697e+02
7.980000000000005977e-01 3.903622287947695213e+02
7.990000000000005986e-01 3.899101663783700928e+02
8.000000000000005995e-01 3.894589907343301434e+02
8.010000000000006004e-01 3.890086993174313648e+02
8.020000000000006013e-01 3.885592895923336414e+02
8.030000000000006022e-01 3.881107590335300301e+02
8.040000000000006031e-01 3.876631051252952602e+02
8.050000000000006040e-01 3.872163253616445218e+02
8.060000000000006048e-01 3.867704172462725296e+02
8.070000000000006057e-01 3.863253782925111750e+02
8.080000000000006066e-01 3.858812060232777981e+02
8.090000000000006075e-01 3.854378979710341468e+02
8.100000000000006084e-01 3.849954516777359572e+02
8.110000000000006093e-01 3.845538646947864549e+02
8.120000000000006102e-01 3.841131345829912789e+02
8.130000000000006111e-01 3.836732589125126083e+02
8.140000000000006120e-01 3.832342352628258482e+02
8.150000000000006128e-01 3.827960612226701187e+02
8.160000000000006137e-01 3.823587343900056226e+02
8.170000000000006146e-01 3.819222523719670903e+02
8.180000000000006155e-01 3.814866127848112569e+02
8.190000000000006164e-01 3.810518132538859390e+02
8.200000000000006173e-01 3.806178514135707474e+02
8.210000000000006182e-01 3.801847249072464479e+02
8.220000000000006191e-01 3.797524313872404491e+02
8.230000000000006199e-01 3.793209685147851360e+02
8.240000000000006208e-01 3.788903339599738160e+02
8.250000000000006217e-01 3.784605254017160405e+02
8.260000000000006226e-01 3.780315405277000309e+02
8.270000000000006235e-01 3.776033770343484548e+02
8.280000000000006244e-01 3.771760326267809091e+02
8.290000000000006253e-01 3.767495050187647507e+02
8.300000000000006262e-01 3.763237919326716678e+02
8.310000000000006271e-01 3.758988910994397088e+02
8.320000000000006279e-01 3.754748002585328095e+02
8.330000000000006288e-01 3.750515171579012303e+02
8.340000000000006297e-01 3.746290395539413112e+02
8.350000000000006306e-01 3.742073652114522133e+02
8.360000000000006315e-01 3.737864919035984599e+02
8.370000000000006324e-01 3.733664174118699748e+02
8.380000000000006333e-01 3.729471395260453050e+02
8.390000000000006342e-01 3.725286560441444408e+02
8.400000000000006350e-01 3.721109647723983471e+02
8.410000000000006359e-01 3.716940635252018978e+02
8.420000000000006368e-01 3.712779501250782346e+02
8.430000000000006377e-01 3.708626224026406248e+02
8.440000000000006386e-01 3.704480781965515916e+02
8.450000000000006395e-01 3.700343153534835210e+02
8.460000000000006404e-01 3.696213317280886486e+02
8.470000000000006413e-01 3.692091251829481848e+02
8.480000000000006422e-01 3.687976935885452008e+02
8.490000000000006430e-01 3.683870348232255196e+02
8.500000000000006439e-01 3.679771467731548569e+02
8.510000000000006448e-01 3.675680273322866469e+02
8.520000000000006457e-01 3.671596744023260044e+02
8.530000000000006466e-01 3.667520858926858978e+02
8.540000000000006475e-01 3.663452597204544645e+02
8.550000000000006484e-01 3.659391938103619850e+02
8.560000000000006493e-01 3.655338860947400121e+02
8.570000000000006501e-01 3.651293345134957917e+02
8.580000000000006510e-01 3.647255370140701984e+02
8.590000000000006519e-01 3.643224915514023223e+02
8.600000000000006528e-01 3.639201960878984323e+02
8.610000000000006537e-01 3.635186485933908216e+02
8.620000000000006546e-01 3.631178470451051794e+02
8.630000000000006555e-01 3.627177894276280199e+02
8.640000000000006564e-01 3.623184737328707570e+02
8.650000000000006573e-01 3.619198979600380426e+02
8.660000000000006581e-01 3.615220601155820077e+02
8.670000000000006590e-01 3.611249582131875400e+02
8.680000000000006599e-01 3.607285902737277752e+02
8.690000000000006608e-01 3.603329543252335725e+02
8.700000000000006617e-01 3.599380484028578735e+02
8.710000000000006626e-01 3.595438705488454048e+02
8.720000000000006635e-01 3.591504188124999928e+02
8.730000000000006644e-01 3.587576912501540392e+02
8.740000000000006652e-01 3.583656859251308333e+02
8.750000000000006661e-01 3.579744009077186320e+02
8.760000000000006670e-01 3.575838342751343362e+02
8.770000000000006679e-01 3.571939841114963770e+02
8.780000000000006688e-01 3.568048485077848682e+02
8.790000000000006697e-01 3.564164255618193806e+02
8.800000000000006706e-01 3.560287133782229603e+02
8.810000000000006715e-01 3.556417100683887611e+02
8.820000000000006724e-01 3.552554137504545793e+02
8.830000000000006732e-01 3.548698225492664733e+02
8.840000000000006741e-01 3.544849345963558562e+02
8.850000000000006750e-01 3.541007480298960672e+02
8.860000000000006759e-01 3.537172609946859438e+02
8.870000000000006768e-01 3.533344716421078147e+02
8.880000000000006777e-01 3.529523781301097074e+02
8.890000000000006786e-01 3.525709786231680027e+02
8.900000000000006795e-01 3.521902712922596379e+02
8.910000000000006803e-01 3.518102543148356176e+02
8.920000000000006812e-01 3.514309258747868512e+02
8.930000000000006821e-01 3.510522841624194257e+02
8.940000000000006830e-01 3.506743273744220346e+02
8.950000000000006839e-01 3.502970537138403984e+02
8.960000000000006848e-01 3.499204613900425898e+02
8.970000000000006857e-01 3.495445486187016968e+02
8.980000000000006866e-01 3.491693136217553501e+02
8.990000000000006875e-01 3.487947546273841226e+02
9.000000000000006883e-01 3.484208698699841307e+02
9.010000000000006892e-01 3.480476575901319620e+02
9.020000000000006901e-01 3.476751160345645530e+02
9.030000000000006910e-01 3.473032434561509945e+02
9.040000000000006919e-01 3.469320381138645644e+02
9.050000000000006928e-01 3.465614982727542497e+02
9.060000000000006937e-01 3.461916222039189961e+02
9.070000000000006946e-01 3.458224081844797411e+02
9.080000000000006954e-01 3.454538544975529248e+02
9.090000000000006963e-01 3.450859594322198518e+02
9.100000000000006972e-01 3.447187212835112291e+02
9.110000000000006981e-01 3.443521383523671489e+02
9.120000000000006990e-01 3.439862089456208309e+02
9.130000000000006999e-01 3.436209313759694055e+02
9.140000000000007008e-01 3.432563039619490155e+02
9.150000000000007017e-01 3.428923250279054855e+02
9.160000000000007025e-01 3.425289929039770414e+02
9.170000000000007034e-01 3.421663059260571913e+02
9.180000000000007043e-01 3.418042624357819363e+02
9.190000000000007052e-01 3.414428607804945841e+02
9.200000000000007061e-01 3.410820993132252283e+02
9.210000000000007070e-01 3.407219763926656810e+02
9.220000000000007079e-01 3.403624903831431538e+02
9.230000000000007088e-01 3.400036396545960997e+02
9.240000000000007097e-01 3.396454225825514186e+02
9.250000000000007105e-01 3.392878375480980822e+02
9.260000000000007114e-01 3.389308829378634869e+02
9.270000000000007123e-01 3.385745571439884998e+02
9.280000000000007132e-01 3.382188585641052896e+02
9.290000000000007141e-01 3.378637856013106671e+02
9.300000000000007150e-01 3.375093366641443708e+02
9.310000000000007159e-01 3.371555101665662733e+02
9.320000000000007168e-01 3.368023045279312555e+02
9.330000000000007176e-01 3.364497181729653903e+02
9.340000000000007185e-01 3.360977495317446824e+02
9.350000000000007194e-01 3.357463970396717059e+02
9.360000000000007203e-01 3.353956591374501954e+02
9.370000000000007212e-01 3.350455342710633317e+02
9.380000000000007221e-01 3.346960208917535056e+02
9.390000000000007230e-01 3.343471174559950327e+02
9.400000000000007239e-01 3.339988224254756801e+02
9.410000000000007248e-01 3.336511342670716544e+02
9.420000000000007256e-01 3.333040514528269682e+02
9.430000000000007265e-01 3.329575724599305317e+02
9.440000000000007274e-01 3.326116957706925632e+02
9.450000000000007283e-01 3.322664198725266260e+02
9.460000000000007292e-01 3.319217432579255274e+02
9.470000000000007301e-01 3.315776644244379554e+02
9.480000000000007310e-01 3.312341818746500621e+02
9.490000000000007319e-01 3.308912941161615890e+02
9.500000000000007327e-01 3.305489996615656878e+02
9.510000000000007336e-01 3.302072970284270923e+02
9.520000000000007345e-01 3.298661847392606319e+02
9.530000000000007354e-01 3.295256613215107109e+02
9.540000000000007363e-01 3.291857253075339713e+02
9.550000000000007372e-01 3.288463752345690523e+02
9.560000000000007381e-01 3.285076096447271539e+02
9.570000000000007390e-01 3.281694270849627060e+02
9.580000000000007399e-01 3.278318261070568838e+02
9.590000000000007407e-01 3.274948052675979966e+02
9.600000000000007416e-01 3.271583631279612518e+02
9.610000000000007425e-01 3.268224982542824364e+02
9.620000000000007434e-01 3.264872092174475142e+02
9.630000000000007443e-01 3.261524945930665353e+02
9.640000000000007452e-01 3.258183529614539111e+02
9.650000000000007461e-01 3.254847829076111339e+02
9.660000000000007470e-01 3.251517830212045510e+02
9.670000000000007478e-01 3.248193518965490512e+02
9.680000000000007487e-01 3.244874881325854403e+02
9.690000000000007496e-01 3.241561903328613425e+02
9.700000000000007505e-01 3.238254571055144879e+02
9.710000000000007514e-01 3.234952870632513964e+02
9.720000000000007523e-01 3.231656788233270845e+02
9.730000000000007532e-01 3.228366310075324463e+02
9.740000000000007541e-01 3.225081422421654338e+02
9.750000000000007550e-01 3.221802111580215637e+02
9.760000000000007558e-01 3.218528363903687364e+02
9.770000000000007567e-01 3.215260165789326834e+02
9.780000000000007576e-01 3.211997503678780959e+02
9.790000000000007585e-01 3.208740364057872512e+02
9.800000000000007594e-01 3.205488733456431305e+02
9.810000000000007603e-01 3.202242598448149806e+02
9.820000000000007612e-01 3.199001945650335870e+02
9.830000000000007621e-01 3.195766761723774039e+02
9.840000000000007629e-01 3.192537033372556721e+02
9.850000000000007638e-01 3.189312747343892056e+02
9.860000000000007647e-01 3.186093890427859492e+02
9.870000000000007656e-01 3.182880449457389886e+02
9.880000000000007665e-01 3.179672411307919901e+02
9.890000000000007674e-01 3.176469762897330043e+02
9.900000000000007683e-01 3.173272491185728654e+02
9.910000000000007692e-01 3.170080583175275137e+02
9.920000000000007701e-01 3.166894025910031019e+02
9.930000000000007709e-01 3.163712806475755883e+02
9.940000000000007718e-01 3.160536911999766403e+02
9.950000000000007727e-01 3.157366329650755006e+02
9.960000000000007736e-01 3.154201046638625598e+02
9.970000000000007745e-01 3.151041050214310530e+02
9.980000000000007754e-01 3.147886327669637581e+02
9.990000000000007763e-01 3.144736866337105994e+02
